malaria (.xlsx)
===============

:download:`Download original .xlsx file from GitHub <https://github.com/UCL/TLOmodel/raw/master/resources/malaria/ResourceFile_malaria.xlsx>`

.. contents::

inc1000py_MAPdata
-----------------

====  ======  ====================  =================  ==================
  ..    Year    inc\_1000py\_Lower    inc\_1000pyMean    inc\_1000pyUpper
====  ======  ====================  =================  ==================
   0    2000                 409.2              498.1               603.1
   1    2001                 435                514.5               644.2
   2    2002                 435                513.6               651.7
   3    2003                 417.8              488                 614.9
   4    2004                 368.2              435.9               539.7
   5    2005                 305.2              368                 460.2
   6    2006                 277.7              341.9               418.8
   7    2007                 267.2              334.2               406
   8    2008                 273.6              343                 415.9
   9    2009                 282.2              354.5               429.8
  10    2010                 265.9              339.5               415
  11    2011                 249.6              319.8               397.7
  12    2012                 220.8              295.2               373.5
  13    2013                 199.5              271.8               348.9
  14    2014                 197.5              271.6               344.6
  15    2015                 181.7              243.4               315.4
  16    2016                 139.8              227.3               323.1
  17    2017                 139.1              226                 320.7
====  ======  ====================  =================  ==================

WHO_CaseData2023
----------------

====  ======  =================  ====================  =====================  ==================  =====================  ======================  ==================  ===================  ===========  ==============  ===============  ==========================  =============================  ================================
  ..    Year    NumMalariaCases    NumMalariaCasesLow    NumMalariaCasesHigh    IncidencePer1000    IncidencePer1000Low    IncidencePer1000High  NumPresumedCases    NumConfirmedCases      NumDeaths    NumDeathsLow    NumDeathsHigh    MortalityRatePer100\_000    MortalityRatePer100\_000Low    MortalityRatePer100\_000\_High
====  ======  =================  ====================  =====================  ==================  =====================  ======================  ==================  ===================  ===========  ==============  ===============  ==========================  =============================  ================================
   0    2020            4370301               2354000                7403000               228.5                  123.1                   387    30577               7139065                     7165            6150             8700                       37.45                          32.16                             45.49
   1    2019            3835146               2613000                5384000               205.9                  140.3                   289    21813               5184107                     6856            6130             7830                       36.8                           32.89                             42.02
   2    2018            3782274               2850000                4901000               208.5                  157.1                   270.1                      5865476                     6820            6150             7690                       37.59                          33.87                             42.4
   3    2017            3851092               2954000                4948000               217.9                  167.2                   280    988905              4947443                     6854            6210             7640                       38.79                          35.13                             43.23
   4    2016            3868572               2979000                4944000               224.8                  173.2                   287.4  338013              4827373                     6792            6240             7430                       39.48                          36.27                             43.17
   5    2015            4032938               3096000                5159000               240.8                  184.9                   308.1  1272178             3661238                     6868            6390             7400                       41.01                          38.14                             44.19
   6    2014            4265161               3246000                5483000               261.8                  199.3                   336.6  2160393             2905310                     7221            6800             7700                       44.33                          41.75                             47.25
   7    2013            4547495               3504000                5836000               287.1                  221.2                   368.4  2625946             1280892                     7853            7460             8300                       49.58                          47.07                             52.38
   8    2012            4929530               3861000                6223000               320.2                  250.7                   404.2  3357612             1564984                     8978            8530             9460                       58.31                          55.4                              61.44
   9    2011            5460330               4381000                6703000               364.9                  292.8                   448    5034202             304499                      9903            9380            10500                       66.19                          62.68                             70.01
  10    2010            5516206               4455000                6793000               379.4                  306.4                   467.2  6851108                                        10951           10300            11700                       75.32                          71.15                             80.17
====  ======  =================  ====================  =====================  ==================  =====================  ======================  ==================  ===================  ===========  ==============  ===============  ==========================  =============================  ================================

WHO_TestData2023
----------------

====  ======  ==============================  =============================  =====================================  ====================================  ============  =================  ===================  ============  ====================
  ..    Year  NumSuspectedCasesTestedByRDT    NumPositiveCasesTestedByRDT    NumSuspectedCasesTestedByMicroscopy    NumPositiveCasesTestedByMicroscopy    NumTreated    NumMalariaCases    TreatmentCoverage    Population    Rate\_rdt\_testing
====  ======  ==============================  =============================  =====================================  ====================================  ============  =================  ===================  ============  ====================
   0    2010                                                                                                                                                            5516206                                 14718422      0
   1    2011  580708                          253973                         166959                                 50526                                               5460330                                 15146094      0.03834044605823785
   2    2012  2763986                         1281846                        103754                                 283138                                              4929530                                 15581251      0.17739178965796776
   3    2013  3029020                         1236391                        129575                                 44501                                               4547495                                 16024775      0.18902106269822821
   4    2014  5344724                         2827675                        127752                                 77635                                               4265161                                 16477966      0.3243558094488118
   5    2015  7030084                         3585315                        240212                                 75923                                               4032938                                 16938942      0.415024976176198
   6    2016  8661237                         4730835                        216643                                 96538                                               3868572                                 17405624      0.4976114042219917
   7    2017  9413944                         4901344                        198534                                 46099                                               3851092                                 17881167      0.5264725730708739
   8    2018  11384109                        5830741                        132475                                 34735                                 7043006       3782274            1.8621088794730365   18367883      0.6197834012771096
   9    2019  10861320                        5153779                        406907                                 30328                                 5089716       3835146            1.327124443241535    18867337      0.5756678857222935
  10    2020  12439185                        7057864                        119996                                 81201                                 7095977       4370301            1.6236815267415219   19377061      0.6419541642563854
  11    2021                                                                                                                                                                                                    19889742      0.6419541642563854
  12    2022                                                                                                                                                                                                    20405317      0.6419541642563854
  13    2023                                                                                                                                                                                                    20931751      0.6419541642563854
  14    2024
====  ======  ==============================  =============================  =====================================  ====================================  ============  =================  ===================  ============  ====================

PfPR_MAPdata
------------

====  ======  ===========  =============  ===========  ==============  ===========
  ..    Year  Age            PfPR\_rmean    PfPR\_LCI    PfPR\_median    PfPR\_UCI
====  ======  ===========  =============  ===========  ==============  ===========
   0    2000  2-10\_years       0.519807     0.441334        0.522866     0.614264
   1    2001  2-10\_years       0.548876     0.494563        0.549793     0.599764
   2    2002  2-10\_years       0.549595     0.493427        0.548512     0.616096
   3    2003  2-10\_years       0.501419     0.440981        0.500846     0.561498
   4    2004  2-10\_years       0.420823     0.360053        0.421741     0.470483
   5    2005  2-10\_years       0.337111     0.288096        0.337665     0.385558
   6    2006  2-10\_years       0.308071     0.251978        0.306441     0.357564
   7    2007  2-10\_years       0.296208     0.246266        0.294943     0.341726
   8    2008  2-10\_years       0.300991     0.266409        0.301055     0.332972
   9    2009  2-10\_years       0.313705     0.290847        0.314662     0.336237
  10    2010  2-10\_years       0.296635     0.278393        0.295654     0.315894
  11    2011  2-10\_years       0.273428     0.256266        0.273341     0.293217
  12    2012  2-10\_years       0.244994     0.225884        0.243866     0.268776
  13    2013  2-10\_years       0.219468     0.198524        0.219564     0.248952
  14    2014  2-10\_years       0.22087      0.199706        0.219808     0.250576
  15    2015  2-10\_years       0.190752     0.150848        0.189378     0.240655
  16    2016  2-10\_years       0.177125     0.102427        0.174368     0.2678
  17    2017  2-10\_years       0.177125     0.102427        0.174368     0.2678
====  ======  ===========  =============  ===========  ==============  ===========

mortalityRate_MAPdata
---------------------

====  ======  ===========  ========================  ======================  =========================  ======================
  ..    Year  Age            mortality\_rate\_rmean    mortality\_rate\_LCI    mortality\_rate\_median    mortality\_rate\_UCI
====  ======  ===========  ========================  ======================  =========================  ======================
   0    2000  0-99\_years               0.00155985              0.0010643                  0.0015407               0.0021768
   1    2001  0-99\_years               0.00149849              0.0010347                  0.00147941              0.00206699
   2    2002  0-99\_years               0.00141598              0.000975087                0.00139395              0.00192807
   3    2003  0-99\_years               0.00130209              0.000899868                0.00128151              0.00178869
   4    2004  0-99\_years               0.00112814              0.000775022                0.00110621              0.00156299
   5    2005  0-99\_years               0.000963213             0.000653702                0.000946511             0.00136285
   6    2006  0-99\_years               0.000905313             0.000617922                0.000891614             0.00128429
   7    2007  0-99\_years               0.000878095             0.00059613                 0.000865417             0.00124047
   8    2008  0-99\_years               0.000846858             0.000579404                0.000834745             0.00118967
   9    2009  0-99\_years               0.000770745             0.000529199                0.000758347             0.00108014
  10    2010  0-99\_years               0.000583127             0.000391974                0.000573064             0.000833926
  11    2011  0-99\_years               0.000490839             0.000326889                0.000484571             0.000710708
  12    2012  0-99\_years               0.000466421             0.000306832                0.000456089             0.000690117
  13    2013  0-99\_years               0.000485646             0.000313884                0.000474363             0.000716127
  14    2014  0-99\_years               0.000502867             0.000328254                0.000494447             0.000742094
  15    2015  0-99\_years               0.00045596              0.000288717                0.000451266             0.000680404
  16    2016  0-99\_years               0.000416207             0.000232157                0.000410628             0.000648556
  17    2017  0-99\_years               0.000402543             0.000226668                0.000398083             0.000629064
====  ======  ===========  ========================  ======================  =========================  ======================

txCov_MAPdata
-------------

====  ======  ===============  ===============  ===============  ============================
  ..    Year  ITN\_coverage    IRS\_coverage    ACT\_coverage    EffectiveTreatmentCoverage
====  ======  ===============  ===============  ===============  ============================
   0    2000  0                0                0
   1    2001  0                0                0
   2    2002  0                0                0
   3    2003  0.0337           0                0
   4    2004  0.1149           0                0.011
   5    2005  0.2636           0                0.0269
   6    2006  0.2405           0                0.0538
   7    2007  0.2865           0.007123748      0.0898
   8    2008  0.3185           0.006984489      0.1382
   9    2009  0.2908           0.019859847      0.2082
  10    2010  0.2961           0.135826917      0.352            48.3706124746
  11    2011  0.372            0.020848395      0.3304           47.6918300798999
  12    2012  0.6723           0.117853454      0.296            46.4958307785
  13    2013  0.8438           0                0.345            47.1958545269999
  14    2014  0.7304           0.04623395       0.3586           46.8752123564
  15    2015  0.7915           0.04623395       0.4216           45.8885350589999
  16    2016                                                     44.7643932286
  17    2017                                                     44.9510288002
  18    2018                                                     46.4737092691
  19    2019                                                     44.4700781951
  20    2020                                                     45.4466300093
====  ======  ===============  ===============  ===============  ============================

MAP_CommoditiesData2023
-----------------------

====  ======  ===========  ======================  =======================  ======================  =======================  ==================  ===================  ==================  ===================  ==========================  =========================  ========================  =========================  =============================  ==============================  ====================================  =====================================  ====================================  =====================================  ==========================  =======================  ========================  ================================================  ======================================================  =======================================================  =========================  ========================  =========================  =================================================  =======================================================  ========================================================  =====================
  ..    Year    Fevers U5    Attendance U5 Public    Attendance U5 Private    Attendance O5 Public    Attendance O5 Private    Tested U5 Public    Tested U5 Private    Tested O5 Public    Tested O5 Private    Tested\_Positive\_Public    Tested Positive Private    Tested Negative Public    Tested Negative Private    Untested Received AM Public    Untested Received AM Private    Tested Positive Received AM Public    Tested Positive Received AM Private    Tested Negative Received AM Public    Tested Negative Received AM Private    RDT\_Consumption\_Public    AM Consumption Public    ACT Consumption Public  RDT Percent Change from Baseline (2021) Public    AM Public Percent Change from Baseline (2021) Public    ACT Public Percent Change from Baseline (2021) Public      RDT Consumption Private    AM Consumption Private    ACT Consumption Private  RDT Percent Change from Baseline (2021) Private    AM Public Percent Change from Baseline (2021) Private    ACT Public Percent Change from Baseline (2021) Private      TotalRDTConsumption
====  ======  ===========  ======================  =======================  ======================  =======================  ==================  ===================  ==================  ===================  ==========================  =========================  ========================  =========================  =============================  ==============================  ====================================  =====================================  ====================================  =====================================  ==========================  =======================  ========================  ================================================  ======================================================  =======================================================  =========================  ========================  =========================  =================================================  =======================================================  ========================================================  =====================
   0    2010  2.28439e+07             1.05012e+07              3.34575e+06             1.23048e+07              4.48971e+06         3.94269e+06     709512                   4.61984e+06     952102                           4.30209e+06           832937                         4.26044e+06           828677                              5.58498e+06                     2.42082e+06                           3.97458e+06                       769528                                     1.46095e+06                       546378                           7.16635e+06              1.10205e+07               8.42737e+06                                                                                                                                                                                   1.39068e+06               3.73673e+06           968135                                                                                                                                                                                            8.55702e+06
   1    2011  2.31814e+07             1.06767e+07              3.36383e+06             1.28747e+07              4.64358e+06         5.53439e+06     980913                   6.67372e+06          1.3541e+06                  5.99278e+06                1.14407e+06               6.21533e+06                1.19094e+06                    4.37729e+06                     2.18893e+06                           5.53657e+06                            1.05698e+06                           2.01103e+06                       754835                           1.07159e+07              1.19249e+07               1.00878e+07                                                                                                                                                                                   2.04961e+06               4.00074e+06                1.53032e+06                                                                                                                                                                                  1.27655e+07
   2    2012  2.42076e+07             1.04684e+07              3.65458e+06             1.38403e+07              5.55208e+06         6.10005e+06          1.18359e+06         8.06492e+06          1.79812e+06                 6.36042e+06                1.33761e+06               7.80455e+06                1.64409e+06                    3.95643e+06                     2.42798e+06                           5.87622e+06                            1.23578e+06                           2.39567e+06                            1.0121e+06                  1.28828e+07              1.22283e+07               1.0907e+07                                                                                                                                                                                    2.71181e+06               4.67586e+06                2.32538e+06                                                                                                                                                                                  1.55946e+07
   3    2013  2.60388e+07             1.10846e+07              3.89332e+06             1.56537e+07              6.31935e+06         7.0173e+06           1.35657e+06         9.90989e+06          2.20189e+06                 6.96964e+06                1.46448e+06               9.95755e+06                2.09398e+06                    3.92728e+06                     2.6636e+06                            6.43906e+06                            1.35299e+06                           2.73849e+06                            1.21505e+06                 1.58031e+07              1.31048e+07               1.20491e+07                                                                                                                                                                                   3.32214e+06               5.23165e+06                3.10794e+06                                                                                                                                                                                  1.91252e+07
   4    2014  2.74949e+07             1.15873e+07              4.07698e+06             1.71901e+07              6.95213e+06         7.98295e+06          1.56467e+06         1.18429e+07          2.66809e+06                 7.57999e+06                1.61817e+06               1.22459e+07                2.61459e+06                    3.52857e+06                     2.67905e+06                           7.00295e+06                            1.49498e+06                           2.96646e+06                            1.39196e+06                 1.88667e+07              1.3498e+07                1.26663e+07                                                                                                                                                                                   4.02797e+06               5.56599e+06                3.76415e+06                                                                                                                                                                                  2.28946e+07
   5    2015  2.87017e+07             1.18748e+07              4.13204e+06             1.8343e+07               7.33343e+06         8.80562e+06          1.74884e+06         1.36021e+07          3.10378e+06                 8.00649e+06                1.7346e+06                1.44012e+07                3.11802e+06                    3.00335e+06                     2.54297e+06                           7.39697e+06                            1.60255e+06                           3.0478e+06                             1.50343e+06                 2.1622e+07               1.34481e+07               1.27959e+07                                                                                                                                                                                   4.68247e+06               5.64895e+06                4.18169e+06                                                                                                                                                                                  2.63045e+07
   6    2016  2.90152e+07             1.17847e+07              4.06736e+06             1.8778e+07               7.44395e+06         9.18724e+06          1.83786e+06         1.46391e+07          3.36359e+06                 8.03703e+06                1.75612e+06               1.57894e+07                3.44533e+06                    2.58778e+06                     2.42395e+06                           7.42519e+06                            1.62243e+06                           2.95022e+06                            1.50265e+06                 2.32232e+07              1.29632e+07               1.24576e+07                                                                                                                                                                                   5.06977e+06               5.54903e+06                4.35706e+06                                                                                                                                                                                  2.8293e+07
   7    2017  2.89598e+07             1.17148e+07              3.98396e+06             1.88477e+07              7.35792e+06         9.36373e+06          1.82691e+06         1.5065e+07           3.37409e+06                 8.12791e+06                1.73241e+06               1.63008e+07                3.46859e+06                    2.2911e+06                      2.29377e+06                           7.50916e+06                            1.60053e+06                           2.65571e+06                            1.32886e+06                 2.39835e+07              1.2456e+07                1.20413e+07                                                                                                                                                                                   5.10621e+06               5.22316e+06                4.23646e+06                                                                                                                                                                                  2.90897e+07
   8    2018  2.7708e+07              1.14656e+07              3.72046e+06             1.87172e+07              6.96008e+06         9.319e+06            1.7022e+06          1.5213e+07           3.1844e+06                  7.89445e+06                1.57462e+06               1.66376e+07                3.31198e+06                    2.08816e+06                     2.14106e+06                           7.29346e+06                            1.45474e+06                           2.38831e+06                            1.12551e+06                 2.42108e+07              1.17699e+07               1.14112e+07                                                                                                                                                                                   4.82261e+06               4.72131e+06                3.85112e+06                                                                                                                                                                                  2.90334e+07
   9    2019  2.68527e+07             1.10667e+07              3.44289e+06             1.80743e+07              6.43426e+06         9.15947e+06          1.58481e+06         1.49594e+07          2.96178e+06                 7.7674e+06                 1.4662e+06                1.63515e+07                3.08039e+06                    1.79388e+06                     1.90407e+06                           7.17609e+06                            1.35458e+06                           2.0516e+06                        918752                           2.38923e+07              1.10216e+07               1.07563e+07                                                                                                                                                                                   4.50387e+06               4.17741e+06                3.55345e+06                                                                                                                                                                                  2.83962e+07
  10    2020  2.50546e+07             1.01259e+07              3.23002e+06             1.56363e+07              5.71232e+06         8.66418e+06          1.58376e+06         1.33791e+07          2.8009e+06                  7.9801e+06                 1.58841e+06               1.40632e+07                2.79626e+06                    1.27421e+06                     1.56162e+06                           7.37259e+06                            1.46748e+06                           1.61194e+06                       760793                           2.18949e+07              1.02587e+07               1.00384e+07                                                                                                                                                                                   4.35514e+06               3.78989e+06                3.2592e+06                                                                                                                                                                                   2.625e+07
  11    2021  2.53636e+07             1.02402e+07              3.27259e+06             1.58118e+07              5.78762e+06         8.76648e+06          1.60453e+06         1.35362e+07          2.83763e+06                 8.074e+06                  1.60924e+06               1.42287e+07                2.83293e+06                    1.28367e+06                     1.58109e+06                           7.45622e+06                            1.48611e+06                           1.62433e+06                       770182                           2.21452e+07              1.03642e+07               1.01431e+07                                                                                                                                                                                   4.41081e+06               3.83737e+06                3.30004e+06                                                                                                                                                                                  2.6556e+07
  12    2022  2.58936e+07             1.04435e+07              3.34378e+06             1.61245e+07              5.91351e+06         8.94502e+06          1.63933e+06         1.3811e+07           2.89916e+06                 8.23809e+06                1.64413e+06               1.45179e+07                2.89436e+06                    1.30413e+06                     1.61434e+06                           7.60457e+06                            1.51769e+06                           1.65064e+06                       786282                           2.25879e+07              1.05593e+07               1.03356e+07  1.99888062313565                                  1.88260485737295                                        1.89802003808591                                                       4.50497e+06               3.91831e+06                3.36966e+06  2.13477949053032                                   2.10925677790637                                         2.1096096884264                                                     2.70929e+07
  13    2023  2.64704e+07             1.06651e+07              3.42113e+06             1.64657e+07              6.05031e+06         9.13951e+06          1.67714e+06         1.41103e+07          2.96603e+06                 8.41688e+06                1.68205e+06               1.4833e+07                 2.96112e+06                    1.32669e+06                     1.65052e+06                           7.76634e+06                            1.55205e+06                           1.67961e+06                       803803                           2.30705e+07              1.07726e+07               1.0546e+07   4.17820632629771                                  3.94072421925051                                        3.97217738136133                                                       4.60736e+06               4.00637e+06                3.44539e+06  4.45606913286426                                   4.40383846231279                                         4.4045601445152                                                     2.76779e+07
  14    2024  2.70583e+07             1.08908e+07              3.50004e+06             1.68129e+07              6.18985e+06         9.3376e+06           1.7157e+06          1.44152e+07          3.03424e+06                 8.59896e+06                1.72073e+06               1.51538e+07                3.02921e+06                    1.34954e+06                     1.68739e+06                           7.93102e+06                            1.58707e+06                           1.70894e+06                       821659                           2.35618e+07              1.09895e+07               1.076e+07    6.39689555187419                                  6.03314420347058                                        6.08127371718976                                                       4.71176e+06               4.09612e+06                3.52259e+06  6.82296208688388                                   6.74280229256437                                         6.74390906767637                                                    2.82736e+07
  15    2025  2.76352e+07             1.11115e+07              3.57764e+06             1.71525e+07              6.3271e+06          9.53167e+06          1.75363e+06         1.47138e+07          3.10131e+06                 8.77732e+06                1.75877e+06               1.54682e+07                3.09617e+06                    1.37158e+06                     1.72358e+06                           8.09213e+06                            1.62147e+06                           1.73724e+06                       839178                           2.40427e+07              1.12009e+07               1.09686e+07  8.56806095050617                                  8.07324121641237                                        8.13864859561815                                                       4.81432e+06               4.18424e+06                3.59838e+06  9.14828203377691                                   9.03902322493113                                         9.04053066994902                                                    2.8857e+07
  16    2026  2.83391e+07             1.13827e+07              3.67183e+06             1.757e+07                6.49366e+06         9.7693e+06           1.79967e+06         1.50796e+07          3.18274e+06                 8.99578e+06                1.80495e+06               1.58532e+07                3.17747e+06                    1.39962e+06                     1.76771e+06                           8.29005e+06                            1.66335e+06                           1.77315e+06                       860554                           2.46329e+07              1.14628e+07               1.12268e+07  11.2335469009757                                  10.5999377716012                                        10.6836084838895                                                       4.9391e+06                4.29161e+06                3.69073e+06  11.9773226198202                                   11.83714181874                                           11.839074479589                                                     2.9572e+07
  17    2027  2.88905e+07             1.15922e+07              3.7464e+06              1.78923e+07              6.62555e+06         9.95416e+06          1.8361e+06          1.5364e+07           3.24717e+06                 9.16563e+06                1.84149e+06               1.61525e+07                3.24179e+06                    1.41985e+06                     1.80233e+06                           8.44303e+06                            1.69631e+06                           1.79917e+06                       877301                           2.50898e+07              1.1662e+07                1.14236e+07  13.296448989894                                   12.5221404647581                                        12.6242903340493                                                       5.03742e+06               4.37594e+06                3.76327e+06  14.2063812930383                                   14.0347331898321                                         14.0370979545962                                                    3.01272e+07
  18    2028  2.93351e+07             1.17584e+07              3.80722e+06             1.81475e+07              6.73311e+06         1.0102e+07           1.86579e+06         1.55911e+07          3.29966e+06                 9.30136e+06                1.87125e+06               1.63917e+07                3.29419e+06                    1.4346e+06                      1.83029e+06                           8.56446e+06                            1.723e+06                             1.81824e+06                       890799                           2.54529e+07              1.18173e+07               1.15774e+07  14.9363436946168                                  14.0200537407764                                        14.140815063406                                                        5.11717e+06               4.44409e+06                3.82189e+06  16.0143041668032                                   15.8107800179462                                         15.813581878885                                                     3.05701e+07
  19    2029  2.97412e+07             1.19088e+07              3.86314e+06             1.83785e+07              6.832e+06           1.02364e+07          1.89306e+06         1.57975e+07          3.3479e+06                  9.42474e+06                1.89861e+06               1.66092e+07                3.34235e+06                    1.44728e+06                     1.85586e+06                           8.67441e+06                            1.74746e+06                           1.83468e+06                       903129                           2.57821e+07              1.19564e+07               1.17155e+07  16.4225946390469                                  15.3620329313288                                        15.5016702391487                                                       5.19027e+06               4.50644e+06                3.87553e+06  17.6716483684819                                   17.4356129273471                                         17.4388599801136                                                    3.09723e+07
  20    2030  3.01628e+07             1.20651e+07              3.92116e+06             1.86184e+07              6.93462e+06         1.0376e+07           1.92137e+06         1.60119e+07          3.39796e+06                 9.55288e+06                1.927e+06                 1.6835e+07                 3.39233e+06                    1.46054e+06                     1.88239e+06                           8.78865e+06                            1.77284e+06                           1.85185e+06                       915929                           2.6124e+07               1.2101e+07                1.1859e+07   17.9665801365804                                  16.7578161469442                                        16.9168087985441                                                       5.26614e+06               4.57116e+06                3.9312e+06   19.3917359776676                                   19.1221847947602                                         19.1258901914029                                                    3.13901e+07
====  ======  ===========  ======================  =======================  ======================  =======================  ==================  ===================  ==================  ===================  ==========================  =========================  ========================  =========================  =============================  ==============================  ====================================  =====================================  ====================================  =====================================  ==========================  =======================  ========================  ================================================  ======================================================  =======================================================  =========================  ========================  =========================  =================================================  =======================================================  ========================================================  =====================

MAP_InfectionData2023
---------------------

====  ======  ======================  ===================================  =====================  ======================  ==============
  ..    Year    IncidenceRatePer1000    InfectionPrevalencePer100children    NumberClinicalCases    DeathsPer100Thousand    NumberDeaths
====  ======  ======================  ===================================  =====================  ======================  ==============
   0    2010                 379.392                              33.8285            5.45278e+06                 59.2189         8511.19
   1    2011                 364.944                              32.0233            5.39853e+06                 48.2594         7138.9
   2    2012                 320.182                              26.6481            4.87706e+06                 42.4259         6462.37
   3    2013                 287.102                              23.0459            4.50422e+06                 43.8631         6881.49
   4    2014                 261.834                              20.4128            4.23126e+06                 41.9573         6780.33
   5    2015                 240.84                               18.262             4.00846e+06                 39.2287         6529.09
   6    2016                 224.848                              16.7191            3.85166e+06                 36.3196         6221.55
   7    2017                 217.943                              16.2767            3.83951e+06                 33.7952         5953.71
   8    2018                 208.468                              15.5326            3.77433e+06                 32.9448         5964.69
   9    2019                 205.872                              15.5063            3.82738e+06                 32.017          5952.3
  10    2020                 229.049                              18.4704            4.36895e+06                 39.9755         7625.04
====  ======  ======================  ===================================  =====================  ======================  ==============

parameters
----------

====  =======================================  =======
  ..  parameter\_name                          value
====  =======================================  =======
   0  sensitivity\_rdt                         0.95
   1  cfr                                      0.15
   2  dur\_asym                                110
   3  dur\_clin                                5
   4  dur\_clin\_para                          195
   5  treatment\_adjustment                    0.5
   6  p\_sev\_anaemia\_preg                    0.075
   7  mortality\_adjust                        10
   8  data\_end                                2018
   9  irs\_rates\_boundary                     0.5
  10  irs\_rates\_upper                        0.8
  11  irs\_rates\_lower                        0
  12  prob\_malaria\_case\_tests               0.4
  13  itn                                      0.6
  14  scaling\_factor\_for\_rdt\_availability  1.2
  15  duration\_iptp\_protection\_weeks        6
  16  rr\_clinical\_malaria\_hiv\_under5       1.7
  17  rr\_clinical\_malaria\_hiv\_over5        2.6
  18  rr\_clinical\_malaria\_hiv\_pregnant     3.96
  19  rr\_clinical\_malaria\_cotrimoxazole     0.58
  20  rr\_clinical\_malaria\_art               0.74
  21  rr\_clinical\_malaria\_iptp              0.54
  22  rr\_severe\_malaria\_hiv\_under5         9.69
  23  rr\_severe\_malaria\_hiv\_over5          2.68
  24  rr\_severe\_malaria\_hiv\_pregnant       2.8
  25  rr\_severe\_malaria\_iptp                0.6
  26  prob\_of\_treatment\_success             1
  27  type\_of\_scaleup                        none
  28  scaleup\_start\_year                     2025
====  =======================================  =======

scaleup_parameters
------------------

====  ============================  ===============  ============  ============
  ..  parameter                       target\_value    min\_value    max\_value
====  ============================  ===============  ============  ============
   0  prob\_malaria\_case\_tests                1               0           1
   1  rdt\_testing\_rates                       0.8             0           1
   2  prob\_of\_treatment\_success              1               0           1
   3  irs\_district                             0.8             0           0.8
   4  itn\_district                             0.7             0           0.7
   5  itn                                       0.7             0           0.7
====  ============================  ===============  ============  ============

highrisk_districts
------------------

====  ==========  ===============
  ..  district      district\_num
====  ==========  ===============
   0  Nkhotakota                8
   1  Balaka                   28
   2  Mangochi                 17
   3  Nkhata Bay                2
====  ==========  ===============

NMCP
----

====  ======  =======================================================================  =======================================================================  ============================================================================  ============================================================================  ============================  ======================  ========================  ============  ====================
  ..    Year    NMCP OPD Suspected Malaria Cases Tested For Malaria Through RDT <5Yrs    NMCP OPD Suspected Malaria Cases Tested For Malaria Through RDT >5Yrs    NMCP OPD Suspected Malaria Cases Tested for Malaria Using Microscopy <5Yrs    NMCP OPD Suspected Malaria Cases Tested for Malaria Using Microscopy >5Yrs  NMCP\_RDTs\_Qty\_Dispersed    NMCP RDTs Qty Issued    NMCP RDTs Qty Received      Population    Rate\_rdt\_testing
====  ======  =======================================================================  =======================================================================  ============================================================================  ============================================================================  ============================  ======================  ========================  ============  ====================
   0    2010                                                           8361                                                                    15465                                                                                    1181                                                                          2713  17267                         NA                      NA                            14718422           0.00117316
   1    2011                                                         115713                                                                   100078                                                                                   48189                                                                        130186  NA                            181749                  259286                        15146094           0.00117316
   2    2012                                                         735602                                                                   809655                                                                                  105410                                                                         95914  NA                            814743                  1010396                       15581251           0.00117316
   3    2013                                                              1.25916e+06                                                              1.85768e+06                                                                         88851                                                                         58303  NA                            2499087.3               3222527                       16024775           0.00117316
   4    2014                                                              2.3022e+06                                                               3.10207e+06                                                                        117589                                                                         81049  NA                            5198584.7               11375564                      16477966           0.00117316
   5    2015                                                              3.06179e+06                                                              3.98708e+06                                                                         94364                                                                        121804  NA                            7142568                 38524306                      16938942           0.00117316
   6    2016                                                              1.30109e+07                                                              5.40322e+06                                                                         83735                                                                        160881  NA                            9839970.5               10504755                      17405624           0.00117316
   7    2017                                                              3.80603e+06                                                              6.41151e+06                                                                         42852                                                                         90758  10375                         11542821                13080328                      17881167           0.000580219
   8    2018                                                              4.28368e+06                                                              7.62982e+06                                                                         46975                                                                         94082  97880                         15781015                12958799                      18367883           0.00532887
   9    2019                                                              3.53908e+06                                                              6.48155e+06                                                                         61768                                                                         96327  9328309                       535346                  1112304                       18867337           0.494416
  10    2020                                                              3.72846e+06                                                              7.23521e+06                                                                         90666                                                                        184264  11092056                      13325                   16175                         19377061           0.572432
  11    2021                                                              3.73374e+06                                                              7.95691e+06                                                                         26703                                                                         59684  11710449                      14724                   5550                          19889742           0.588768
  12    2022                                                              3.22104e+06                                                              6.47746e+06                                                                         24404                                                                         45015  9653128                       1741                                                  20405317           0.473069
  13    2023                                                              1.16778e+06                                                              2.86976e+06                                                                          7359                                                                         17965  3961319                       775                                                   20931751           0.473069
====  ======  =======================================================================  =======================================================================  ============================================================================  ============================================================================  ============================  ======================  ========================  ============  ====================

MAP_ITNrates
------------

====  =============  ======  ============
  ..  District         Year    itn\_rates
====  =============  ======  ============
   0  Balaka           2010      0.521244
   1  Balaka           2011      0.274477
   2  Balaka           2012      0.511939
   3  Balaka           2013      0.767694
   4  Balaka           2014      0.616508
   5  Balaka           2015      0.43172
   6  Balaka           2016      0.631228
   7  Balaka           2017      0.579129
   8  Balaka           2018      0.639857
   9  Blantyre         2010      0.497626
  10  Blantyre         2011      0.242974
  11  Blantyre         2012      0.390966
  12  Blantyre         2013      0.582557
  13  Blantyre         2014      0.471654
  14  Blantyre         2015      0.393023
  15  Blantyre         2016      0.623982
  16  Blantyre         2017      0.566047
  17  Blantyre         2018      0.625569
  18  Blantyre City    2010      0.497626
  19  Blantyre City    2011      0.242974
  20  Blantyre City    2012      0.390966
  21  Blantyre City    2013      0.582557
  22  Blantyre City    2014      0.471654
  23  Blantyre City    2015      0.393023
  24  Blantyre City    2016      0.623982
  25  Blantyre City    2017      0.566047
  26  Blantyre City    2018      0.625569
  27  Chikwawa         2010      0.544138
  28  Chikwawa         2011      0.28005
  29  Chikwawa         2012      0.39404
  30  Chikwawa         2013      0.561043
  31  Chikwawa         2014      0.411775
  32  Chikwawa         2015      0.315652
  33  Chikwawa         2016      0.553993
  34  Chikwawa         2017      0.524377
  35  Chikwawa         2018      0.594699
  36  Chiradzulu       2010      0.471552
  37  Chiradzulu       2011      0.231961
  38  Chiradzulu       2012      0.400059
  39  Chiradzulu       2013      0.610585
  40  Chiradzulu       2014      0.477679
  41  Chiradzulu       2015      0.375405
  42  Chiradzulu       2016      0.616408
  43  Chiradzulu       2017      0.576603
  44  Chiradzulu       2018      0.641855
  45  Chitipa          2010      0.244568
  46  Chitipa          2011      0.263096
  47  Chitipa          2012      0.446601
  48  Chitipa          2013      0.591468
  49  Chitipa          2014      0.47333
  50  Chitipa          2015      0.354737
  51  Chitipa          2016      0.532004
  52  Chitipa          2017      0.368413
  53  Chitipa          2018      0.362133
  54  Dedza            2010      0.348831
  55  Dedza            2011      0.199702
  56  Dedza            2012      0.410086
  57  Dedza            2013      0.670524
  58  Dedza            2014      0.54142
  59  Dedza            2015      0.385613
  60  Dedza            2016      0.536496
  61  Dedza            2017      0.423663
  62  Dedza            2018      0.466716
  63  Dowa             2010      0.310249
  64  Dowa             2011      0.24767
  65  Dowa             2012      0.406621
  66  Dowa             2013      0.585187
  67  Dowa             2014      0.516896
  68  Dowa             2015      0.456088
  69  Dowa             2016      0.623975
  70  Dowa             2017      0.484461
  71  Dowa             2018      0.519161
  72  Karonga          2010      0.345913
  73  Karonga          2011      0.328335
  74  Karonga          2012      0.612484
  75  Karonga          2013      0.816124
  76  Karonga          2014      0.671558
  77  Karonga          2015      0.491945
  78  Karonga          2016      0.696926
  79  Karonga          2017      0.636762
  80  Karonga          2018      0.683414
  81  Kasungu          2010      0.308033
  82  Kasungu          2011      0.266252
  83  Kasungu          2012      0.429144
  84  Kasungu          2013      0.584827
  85  Kasungu          2014      0.482641
  86  Kasungu          2015      0.407742
  87  Kasungu          2016      0.609376
  88  Kasungu          2017      0.515558
  89  Kasungu          2018      0.564448
  90  Likoma           2010      0.343523
  91  Likoma           2011      0.35892
  92  Likoma           2012      0.538744
  93  Likoma           2013      0.673362
  94  Likoma           2014      0.551109
  95  Likoma           2015      0.4219
  96  Likoma           2016      0.55146
  97  Likoma           2017      0.430005
  98  Likoma           2018      0.463335
  99  Lilongwe         2010      0.318563
 100  Lilongwe         2011      0.225922
 101  Lilongwe         2012      0.404454
 102  Lilongwe         2013      0.611781
 103  Lilongwe         2014      0.509486
 104  Lilongwe         2015      0.411051
 105  Lilongwe         2016      0.586703
 106  Lilongwe         2017      0.47719
 107  Lilongwe         2018      0.522011
 108  Lilongwe City    2010      0.318563
 109  Lilongwe City    2011      0.225922
 110  Lilongwe City    2012      0.404454
 111  Lilongwe City    2013      0.611781
 112  Lilongwe City    2014      0.509486
 113  Lilongwe City    2015      0.411051
 114  Lilongwe City    2016      0.586703
 115  Lilongwe City    2017      0.47719
 116  Lilongwe City    2018      0.522011
 117  Machinga         2010      0.474908
 118  Machinga         2011      0.238978
 119  Machinga         2012      0.461242
 120  Machinga         2013      0.731416
 121  Machinga         2014      0.565238
 122  Machinga         2015      0.384904
 123  Machinga         2016      0.603192
 124  Machinga         2017      0.570361
 125  Machinga         2018      0.637599
 126  Mangochi         2010      0.441229
 127  Mangochi         2011      0.24207
 128  Mangochi         2012      0.518339
 129  Mangochi         2013      0.78664
 130  Mangochi         2014      0.586769
 131  Mangochi         2015      0.338443
 132  Mangochi         2016      0.527198
 133  Mangochi         2017      0.495119
 134  Mangochi         2018      0.563417
 135  Mchinji          2010      0.354379
 136  Mchinji          2011      0.295646
 137  Mchinji          2012      0.386612
 138  Mchinji          2013      0.494747
 139  Mchinji          2014      0.491413
 140  Mchinji          2015      0.519166
 141  Mchinji          2016      0.686686
 142  Mchinji          2017      0.537583
 143  Mchinji          2018      0.566874
 144  Mulanje          2010      0.424577
 145  Mulanje          2011      0.207422
 146  Mulanje          2012      0.376602
 147  Mulanje          2013      0.599515
 148  Mulanje          2014      0.435492
 149  Mulanje          2015      0.313186
 150  Mulanje          2016      0.570447
 151  Mulanje          2017      0.566461
 152  Mulanje          2018      0.641328
 153  Mwanza           2010      0.510064
 154  Mwanza           2011      0.242336
 155  Mwanza           2012      0.322212
 156  Mwanza           2013      0.51159
 157  Mwanza           2014      0.505847
 158  Mwanza           2015      0.522302
 159  Mwanza           2016      0.718756
 160  Mwanza           2017      0.615649
 161  Mwanza           2018      0.656705
 162  Mzimba           2010      0.253036
 163  Mzimba           2011      0.248646
 164  Mzimba           2012      0.463346
 165  Mzimba           2013      0.650647
 166  Mzimba           2014      0.49509
 167  Mzimba           2015      0.352556
 168  Mzimba           2016      0.563074
 169  Mzimba           2017      0.495705
 170  Mzimba           2018      0.554879
 171  Mzuzu City       2010      0.253036
 172  Mzuzu City       2011      0.248646
 173  Mzuzu City       2012      0.463346
 174  Mzuzu City       2013      0.650647
 175  Mzuzu City       2014      0.49509
 176  Mzuzu City       2015      0.352556
 177  Mzuzu City       2016      0.563074
 178  Mzuzu City       2017      0.495705
 179  Mzuzu City       2018      0.554879
 180  Neno             2010      0.51421
 181  Neno             2011      0.251517
 182  Neno             2012      0.385391
 183  Neno             2013      0.611444
 184  Neno             2014      0.554046
 185  Neno             2015      0.50717
 186  Neno             2016      0.697608
 187  Neno             2017      0.604436
 188  Neno             2018      0.649194
 189  Nkhata Bay       2010      0.371624
 190  Nkhata Bay       2011      0.376911
 191  Nkhata Bay       2012      0.595822
 192  Nkhata Bay       2013      0.738537
 193  Nkhata Bay       2014      0.5447
 194  Nkhata Bay       2015      0.376116
 195  Nkhata Bay       2016      0.612325
 196  Nkhata Bay       2017      0.588713
 197  Nkhata Bay       2018      0.655951
 198  Nkhotakota       2010      0.398526
 199  Nkhotakota       2011      0.367991
 200  Nkhotakota       2012      0.572883
 201  Nkhotakota       2013      0.744573
 202  Nkhotakota       2014      0.666086
 203  Nkhotakota       2015      0.585193
 204  Nkhotakota       2016      0.731053
 205  Nkhotakota       2017      0.615616
 206  Nkhotakota       2018      0.650146
 207  Nsanje           2010      0.434865
 208  Nsanje           2011      0.207987
 209  Nsanje           2012      0.341707
 210  Nsanje           2013      0.551004
 211  Nsanje           2014      0.403663
 212  Nsanje           2015      0.304227
 213  Nsanje           2016      0.550599
 214  Nsanje           2017      0.534343
 215  Nsanje           2018      0.607801
 216  Ntcheu           2010      0.472703
 217  Ntcheu           2011      0.259354
 218  Ntcheu           2012      0.498451
 219  Ntcheu           2013      0.746156
 220  Ntcheu           2014      0.593414
 221  Ntcheu           2015      0.411739
 222  Ntcheu           2016      0.606281
 223  Ntcheu           2017      0.546452
 224  Ntcheu           2018      0.605481
 225  Ntchisi          2010      0.290157
 226  Ntchisi          2011      0.24619
 227  Ntchisi          2012      0.417184
 228  Ntchisi          2013      0.58758
 229  Ntchisi          2014      0.488724
 230  Ntchisi          2015      0.403572
 231  Ntchisi          2016      0.579688
 232  Ntchisi          2017      0.454175
 233  Ntchisi          2018      0.493145
 234  Phalombe         2010      0.464213
 235  Phalombe         2011      0.257946
 236  Phalombe         2012      0.442517
 237  Phalombe         2013      0.655912
 238  Phalombe         2014      0.490564
 239  Phalombe         2015      0.373927
 240  Phalombe         2016      0.660634
 241  Phalombe         2017      0.688238
 242  Phalombe         2018      0.761216
 243  Rumphi           2010      0.233508
 244  Rumphi           2011      0.221174
 245  Rumphi           2012      0.442382
 246  Rumphi           2013      0.647515
 247  Rumphi           2014      0.49768
 248  Rumphi           2015      0.354453
 249  Rumphi           2016      0.563182
 250  Rumphi           2017      0.47639
 251  Rumphi           2018      0.523302
 252  Salima           2010      0.431517
 253  Salima           2011      0.341394
 254  Salima           2012      0.611721
 255  Salima           2013      0.812768
 256  Salima           2014      0.648068
 257  Salima           2015      0.42467
 258  Salima           2016      0.586592
 259  Salima           2017      0.500394
 260  Salima           2018      0.553259
 261  Thyolo           2010      0.448203
 262  Thyolo           2011      0.211596
 263  Thyolo           2012      0.350933
 264  Thyolo           2013      0.539436
 265  Thyolo           2014      0.385145
 266  Thyolo           2015      0.279378
 267  Thyolo           2016      0.516124
 268  Thyolo           2017      0.485511
 269  Thyolo           2018      0.55659
 270  Zomba            2010      0.492926
 271  Zomba            2011      0.249782
 272  Zomba            2012      0.442018
 273  Zomba            2013      0.685268
 274  Zomba            2014      0.549356
 275  Zomba            2015      0.423389
 276  Zomba            2016      0.657868
 277  Zomba            2017      0.624096
 278  Zomba            2018      0.686783
 279  Zomba City       2010      0.492926
 280  Zomba City       2011      0.249782
 281  Zomba City       2012      0.442018
 282  Zomba City       2013      0.685268
 283  Zomba City       2014      0.549356
 284  Zomba City       2015      0.423389
 285  Zomba City       2016      0.657868
 286  Zomba City       2017      0.624096
 287  Zomba City       2018      0.686783
====  =============  ======  ============

MAP_IRSrates
------------

====  ===============  =============  ======  ============
  ..  Region           District         Year    irs\_rates
====  ===============  =============  ======  ============
   0  Southern Region  Balaka           2010      0
   1  Southern Region  Balaka           2011      0
   2  Southern Region  Balaka           2012      0
   3  Southern Region  Balaka           2013      0
   4  Southern Region  Balaka           2014      0
   5  Southern Region  Balaka           2015      0
   6  Southern Region  Balaka           2016      0
   7  Southern Region  Balaka           2017      0
   8  Southern Region  Balaka           2018      0
   9  Southern Region  Blantyre         2010      0
  10  Southern Region  Blantyre         2011      0
  11  Southern Region  Blantyre         2012      0
  12  Southern Region  Blantyre         2013      0
  13  Southern Region  Blantyre         2014      0
  14  Southern Region  Blantyre         2015      0
  15  Southern Region  Blantyre         2016      0
  16  Southern Region  Blantyre         2017      0
  17  Southern Region  Blantyre         2018      0
  18  Southern Region  Blantyre City    2010      0
  19  Southern Region  Blantyre City    2011      0
  20  Southern Region  Blantyre City    2012      0
  21  Southern Region  Blantyre City    2013      0
  22  Southern Region  Blantyre City    2014      0
  23  Southern Region  Blantyre City    2015      0
  24  Southern Region  Blantyre City    2016      0
  25  Southern Region  Blantyre City    2017      0
  26  Southern Region  Blantyre City    2018      0
  27  Southern Region  Chikwawa         2010      0.458223
  28  Southern Region  Chikwawa         2011      0
  29  Southern Region  Chikwawa         2012      0.403927
  30  Southern Region  Chikwawa         2013      0
  31  Southern Region  Chikwawa         2014      0
  32  Southern Region  Chikwawa         2015      0
  33  Southern Region  Chikwawa         2016      0
  34  Southern Region  Chikwawa         2017      0
  35  Southern Region  Chikwawa         2018      0
  36  Southern Region  Chiradzulu       2010      0
  37  Southern Region  Chiradzulu       2011      0
  38  Southern Region  Chiradzulu       2012      0
  39  Southern Region  Chiradzulu       2013      0
  40  Southern Region  Chiradzulu       2014      0
  41  Southern Region  Chiradzulu       2015      0
  42  Southern Region  Chiradzulu       2016      0
  43  Southern Region  Chiradzulu       2017      0
  44  Southern Region  Chiradzulu       2018      0
  45  Northern Region  Chitipa          2010      0
  46  Northern Region  Chitipa          2011      0
  47  Northern Region  Chitipa          2012      0
  48  Northern Region  Chitipa          2013      0
  49  Northern Region  Chitipa          2014      0
  50  Northern Region  Chitipa          2015      0
  51  Northern Region  Chitipa          2016      0
  52  Northern Region  Chitipa          2017      0
  53  Northern Region  Chitipa          2018      0
  54  Central Region   Dedza            2010      0
  55  Central Region   Dedza            2011      0
  56  Central Region   Dedza            2012      0
  57  Central Region   Dedza            2013      0
  58  Central Region   Dedza            2014      0
  59  Central Region   Dedza            2015      0
  60  Central Region   Dedza            2016      0
  61  Central Region   Dedza            2017      0
  62  Central Region   Dedza            2018      0
  63  Central Region   Dowa             2010      0
  64  Central Region   Dowa             2011      0
  65  Central Region   Dowa             2012      0
  66  Central Region   Dowa             2013      0
  67  Central Region   Dowa             2014      0
  68  Central Region   Dowa             2015      0
  69  Central Region   Dowa             2016      0
  70  Central Region   Dowa             2017      0
  71  Central Region   Dowa             2018      0
  72  Northern Region  Karonga          2010      0.835191
  73  Northern Region  Karonga          2011      0
  74  Northern Region  Karonga          2012      0.733117
  75  Northern Region  Karonga          2013      0
  76  Northern Region  Karonga          2014      0
  77  Northern Region  Karonga          2015      0.697537
  78  Northern Region  Karonga          2016      0
  79  Northern Region  Karonga          2017      0
  80  Northern Region  Karonga          2018      0
  81  Central Region   Kasungu          2010      0
  82  Central Region   Kasungu          2011      0
  83  Central Region   Kasungu          2012      0
  84  Central Region   Kasungu          2013      0
  85  Central Region   Kasungu          2014      0
  86  Central Region   Kasungu          2015      0
  87  Central Region   Kasungu          2016      0
  88  Central Region   Kasungu          2017      0
  89  Central Region   Kasungu          2018      0
  90  Northern Region  Likoma           2010      0
  91  Northern Region  Likoma           2011      0
  92  Northern Region  Likoma           2012      0
  93  Northern Region  Likoma           2013      0
  94  Northern Region  Likoma           2014      0
  95  Northern Region  Likoma           2015      0
  96  Northern Region  Likoma           2016      0
  97  Northern Region  Likoma           2017      0
  98  Northern Region  Likoma           2018      0
  99  Central Region   Lilongwe         2010      0
 100  Central Region   Lilongwe         2011      0
 101  Central Region   Lilongwe         2012      0
 102  Central Region   Lilongwe         2013      0
 103  Central Region   Lilongwe         2014      0
 104  Central Region   Lilongwe         2015      0
 105  Central Region   Lilongwe         2016      0
 106  Central Region   Lilongwe         2017      0
 107  Central Region   Lilongwe         2018      0
 108  Central Region   Lilongwe City    2010      0
 109  Central Region   Lilongwe City    2011      0
 110  Central Region   Lilongwe City    2012      0
 111  Central Region   Lilongwe City    2013      0
 112  Central Region   Lilongwe City    2014      0
 113  Central Region   Lilongwe City    2015      0
 114  Central Region   Lilongwe City    2016      0
 115  Central Region   Lilongwe City    2017      0
 116  Central Region   Lilongwe City    2018      0
 117  Southern Region  Machinga         2010      0
 118  Southern Region  Machinga         2011      0
 119  Southern Region  Machinga         2012      0
 120  Southern Region  Machinga         2013      0
 121  Southern Region  Machinga         2014      0
 122  Southern Region  Machinga         2015      0
 123  Southern Region  Machinga         2016      0
 124  Southern Region  Machinga         2017      0
 125  Southern Region  Machinga         2018      0
 126  Southern Region  Mangochi         2010      0.264321
 127  Southern Region  Mangochi         2011      0
 128  Southern Region  Mangochi         2012      0.236382
 129  Southern Region  Mangochi         2013      0
 130  Southern Region  Mangochi         2014      0
 131  Southern Region  Mangochi         2015      0
 132  Southern Region  Mangochi         2016      0
 133  Southern Region  Mangochi         2017      0
 134  Southern Region  Mangochi         2018      0
 135  Central Region   Mchinji          2010      0
 136  Central Region   Mchinji          2011      0
 137  Central Region   Mchinji          2012      0
 138  Central Region   Mchinji          2013      0
 139  Central Region   Mchinji          2014      0
 140  Central Region   Mchinji          2015      0.374022
 141  Central Region   Mchinji          2016      0
 142  Central Region   Mchinji          2017      0
 143  Central Region   Mchinji          2018      0
 144  Southern Region  Mulanje          2010      0
 145  Southern Region  Mulanje          2011      0
 146  Southern Region  Mulanje          2012      0
 147  Southern Region  Mulanje          2013      0
 148  Southern Region  Mulanje          2014      0
 149  Southern Region  Mulanje          2015      0
 150  Southern Region  Mulanje          2016      0
 151  Southern Region  Mulanje          2017      0
 152  Southern Region  Mulanje          2018      0
 153  Southern Region  Mwanza           2010      0
 154  Southern Region  Mwanza           2011      0
 155  Southern Region  Mwanza           2012      0
 156  Southern Region  Mwanza           2013      0
 157  Southern Region  Mwanza           2014      0
 158  Southern Region  Mwanza           2015      0
 159  Southern Region  Mwanza           2016      0
 160  Southern Region  Mwanza           2017      0
 161  Southern Region  Mwanza           2018      0
 162  Northern Region  Mzimba           2010      0
 163  Northern Region  Mzimba           2011      0
 164  Northern Region  Mzimba           2012      0
 165  Northern Region  Mzimba           2013      0
 166  Northern Region  Mzimba           2014      0
 167  Northern Region  Mzimba           2015      0
 168  Northern Region  Mzimba           2016      0
 169  Northern Region  Mzimba           2017      0
 170  Northern Region  Mzimba           2018      0
 171  Northern Region  Mzuzu City       2010      0
 172  Northern Region  Mzuzu City       2011      0
 173  Northern Region  Mzuzu City       2012      0
 174  Northern Region  Mzuzu City       2013      0
 175  Northern Region  Mzuzu City       2014      0
 176  Northern Region  Mzuzu City       2015      0
 177  Northern Region  Mzuzu City       2016      0
 178  Northern Region  Mzuzu City       2017      0
 179  Northern Region  Mzuzu City       2018      0
 180  Southern Region  Neno             2010      0
 181  Southern Region  Neno             2011      0
 182  Southern Region  Neno             2012      0
 183  Southern Region  Neno             2013      0
 184  Southern Region  Neno             2014      0
 185  Southern Region  Neno             2015      0
 186  Southern Region  Neno             2016      0
 187  Southern Region  Neno             2017      0
 188  Southern Region  Neno             2018      0
 189  Northern Region  Nkhata Bay       2010      1
 190  Northern Region  Nkhata Bay       2011      0
 191  Northern Region  Nkhata Bay       2012      0.883861
 192  Northern Region  Nkhata Bay       2013      0
 193  Northern Region  Nkhata Bay       2014      0
 194  Northern Region  Nkhata Bay       2015      0
 195  Northern Region  Nkhata Bay       2016      0
 196  Northern Region  Nkhata Bay       2017      0
 197  Northern Region  Nkhata Bay       2018      0
 198  Central Region   Nkhotakota       2010      0.376786
 199  Central Region   Nkhotakota       2011      0.575915
 200  Central Region   Nkhotakota       2012      0.58515
 201  Central Region   Nkhotakota       2013      0
 202  Central Region   Nkhotakota       2014      0
 203  Central Region   Nkhotakota       2015      0
 204  Central Region   Nkhotakota       2016      0
 205  Central Region   Nkhotakota       2017      0
 206  Central Region   Nkhotakota       2018      0
 207  Southern Region  Nsanje           2010      0.84936
 208  Southern Region  Nsanje           2011      0
 209  Southern Region  Nsanje           2012      0.748723
 210  Southern Region  Nsanje           2013      0
 211  Southern Region  Nsanje           2014      0
 212  Southern Region  Nsanje           2015      0
 213  Southern Region  Nsanje           2016      0
 214  Southern Region  Nsanje           2017      0
 215  Southern Region  Nsanje           2018      0
 216  Central Region   Ntcheu           2010      0
 217  Central Region   Ntcheu           2011      0
 218  Central Region   Ntcheu           2012      0
 219  Central Region   Ntcheu           2013      0
 220  Central Region   Ntcheu           2014      0
 221  Central Region   Ntcheu           2015      0
 222  Central Region   Ntcheu           2016      0
 223  Central Region   Ntcheu           2017      0
 224  Central Region   Ntcheu           2018      0
 225  Central Region   Ntchisi          2010      0
 226  Central Region   Ntchisi          2011      0
 227  Central Region   Ntchisi          2012      0
 228  Central Region   Ntchisi          2013      0
 229  Central Region   Ntchisi          2014      0
 230  Central Region   Ntchisi          2015      0
 231  Central Region   Ntchisi          2016      0
 232  Central Region   Ntchisi          2017      0
 233  Central Region   Ntchisi          2018      0
 234  Southern Region  Phalombe         2010      0
 235  Southern Region  Phalombe         2011      0
 236  Southern Region  Phalombe         2012      0
 237  Southern Region  Phalombe         2013      0
 238  Southern Region  Phalombe         2014      0
 239  Southern Region  Phalombe         2015      0
 240  Southern Region  Phalombe         2016      0
 241  Southern Region  Phalombe         2017      0
 242  Southern Region  Phalombe         2018      0
 243  Northern Region  Rumphi           2010      0
 244  Northern Region  Rumphi           2011      0
 245  Northern Region  Rumphi           2012      0
 246  Northern Region  Rumphi           2013      0
 247  Northern Region  Rumphi           2014      0
 248  Northern Region  Rumphi           2015      0
 249  Northern Region  Rumphi           2016      0
 250  Northern Region  Rumphi           2017      0
 251  Northern Region  Rumphi           2018      0
 252  Central Region   Salima           2010      0.335071
 253  Central Region   Salima           2011      0
 254  Central Region   Salima           2012      0.535895
 255  Central Region   Salima           2013      0.50138
 256  Central Region   Salima           2014      0
 257  Central Region   Salima           2015      0
 258  Central Region   Salima           2016      0
 259  Central Region   Salima           2017      0
 260  Central Region   Salima           2018      0
 261  Southern Region  Thyolo           2010      0
 262  Southern Region  Thyolo           2011      0
 263  Southern Region  Thyolo           2012      0
 264  Southern Region  Thyolo           2013      0
 265  Southern Region  Thyolo           2014      0
 266  Southern Region  Thyolo           2015      0
 267  Southern Region  Thyolo           2016      0
 268  Southern Region  Thyolo           2017      0
 269  Southern Region  Thyolo           2018      0
 270  Southern Region  Zomba            2010      0
 271  Southern Region  Zomba            2011      0
 272  Southern Region  Zomba            2012      0
 273  Southern Region  Zomba            2013      0
 274  Southern Region  Zomba            2014      0
 275  Southern Region  Zomba            2015      0
 276  Southern Region  Zomba            2016      0
 277  Southern Region  Zomba            2017      0
 278  Southern Region  Zomba            2018      0
 279  Southern Region  Zomba City       2010      0
 280  Southern Region  Zomba City       2011      0
 281  Southern Region  Zomba City       2012      0
 282  Southern Region  Zomba City       2013      0
 283  Southern Region  Zomba City       2014      0
 284  Southern Region  Zomba City       2015      0
 285  Southern Region  Zomba City       2016      0
 286  Southern Region  Zomba City       2017      0
 287  Southern Region  Zomba City       2018      0
====  ===============  =============  ======  ============

severe_symptoms
---------------

====  =================  ============  =============  =============
  ..  symptom            age\_group      prop\_lower    prop\_upper
====  =================  ============  =============  =============
   0  jaundice           0\_5                   0.1            0.5
   1  acidosis           0\_5                   0.4            0.45
   2  coma\_convulsions  0\_5                   0.3            0.4
   3  renal\_failure     0\_5                   0.05           0.15
   4  severe\_anaemia    0\_5                   0.4            0.5
   5  shock              0\_5                   0.05           0.15
   6  jaundice           5\_60                  0.1            0.6
   7  acidosis           5\_60                  0.45           0.6
   8  coma\_convulsions  5\_60                  0.38           0.45
   9  renal\_failure     5\_60                  0.1            0.5
  10  severe\_anaemia    5\_60                  0.1            0.45
  11  shock              5\_60                  0.1            0.2
====  =================  ============  =============  =============

WHO_MalReport
-------------

====  =========  ======  ========  ============  ============  ============  =============  =============  =============  ==================  ==================  ==================  ========================  ========================  ========================
  ..  Country      Year       Pop    CasesLower    CasesPoint    CasesUpper    DeathsLower    DeathsPoint    DeathsUpper    cases1000pyLower    cases1000pyPoint    cases1000pyUpper    MortRatePerPersonLower    MortRatePerPersonPoint    MortRatePerPersonUpper
====  =========  ======  ========  ============  ============  ============  =============  =============  =============  ==================  ==================  ==================  ========================  ========================  ========================
   0  Malawi       2010  15167096       3214000       4602005       6681000           7800           9506          11200             211.906             303.42              440.493               0.000514271               0.000626751               0.000738441
   1  Malawi       2011  15627611       3085000       4476529       6518000           7480           9085          10700             197.407             286.45              417.082               0.00047864                0.000581343               0.000684686
   2  Malawi       2012  16097313       2969000       4317650       6244000           7290           8819          10400             184.441             268.222             387.891               0.000452871               0.000547855               0.000646071
   3  Malawi       2013  16577150       2817000       4169285       6014000           6790           8161           9530             169.933             251.508             362.789               0.0004096                 0.000492304               0.000574888
   4  Malawi       2014  17068838       2743000       4161861       6007000           6490           7737           8990             160.702             243.828             351.928               0.000380225               0.000453282               0.000526691
   5  Malawi       2015  17573606       2573000       4102579       6068000           6240           7384           8530             146.413             233.451             345.291               0.000355078               0.000420176               0.000485387
   6  Malawi       2016  18091580       2647000       4223467       6235000           6110           7177           8250             146.311             233.449             344.635               0.000337726               0.000396704               0.000456013
   7  Malawi       2017  18622107       2707000       4303543       6366000           6060           7077           8090             145.365             231.099             341.852               0.00032542                0.000380032               0.00043443
====  =========  ======  ========  ============  ============  ============  =============  =============  =============  ==================  ==================  ==================  ========================  ========================  ========================

WHOcommodities
--------------

====  ======  ================================  =========================================================  ================================  ==================  ========================  ============================================================  =================================
  ..    Year    No. of LLINs sold or delivered    Modelled percentage of population with access to an ITN  No. of people protected by IRS    IRS coverage (%)      No of RDTs distributed    Any first-line treatment courses delivered (including ACT)    ACT treatment courses delivered
====  ======  ================================  =========================================================  ================================  ==================  ========================  ============================================================  =================================
   0    2015                           1100000                                                       43    -                                 -                                    8462325                                                       6240060                            6240060
   1    2016                           9093657                                                       60.3  -                                 -                                    8746750                                                       6799354                            6440490
   2    2017                            994136                                                       53.6  -                                 -                                   15060625                                                      10177530                           10177530
====  ======  ================================  =========================================================  ================================  ==================  ========================  ============================================================  =================================

interventions
-------------

====  ======  ===============  ===============  ===============  ====================  ==================  ==================  ==================
  ..    Year    ITN\_coverage    IRS\_coverage    ACT\_coverage  MIS\_sleptUnderITN    MIS\_IPTp\_1dose    MIS\_IPTp\_2dose    MIS\_IPTp\_3dose
====  ======  ===============  ===============  ===============  ====================  ==================  ==================  ==================
   0    2000           0            0                    0
   1    2001           0            0                    0
   2    2002           0            0                    0
   3    2003           0.0337       0                    0       0.02022
   4    2004           0.1149       0                    0.011   0.06894
   5    2005           0.2636       0                    0.0269  0.15816
   6    2006           0.2405       0                    0.0538  0.14429999999999998
   7    2007           0.2865       0.00712375           0.0898  0.17189999999999997
   8    2008           0.3185       0.00698449           0.1382  0.1911
   9    2009           0.2908       0.0198598            0.2082  0.17448
  10    2010           0.2961       0.135827             0.352   0.17765999999999998
  11    2011           0.372        0.0208484            0.3304  0.22319999999999998
  12    2012           0.6723       0.117853             0.296   0.37                  77                  54                  13
  13    2013           0.8438       0                    0.345   0.53
  14    2014           0.7304       0.046234             0.3586  0.53                  90                  64                  13
  15    2015           0.7915       0.046234             0.4216  0.53
  16    2016           0.7915       0.046234             0.4216  0.53
  17    2017           0.7915       0.046234             0.4216  0.55                  92                  76                  41
  18    2018           0.7915       0.046234             0.4216  0.55
  19    2019           0.7915       0.046234             0.4216  0.55
  20    2020           0.7915       0.046234             0.4216  0.55
  21    2021           0.7915       0.046234             0.4216  0.55
  22    2022           0.7915       0.046234             0.4216  0.55
  23    2023           0.7915       0.046234             0.4216  0.55
  24    2024           0.7915       0.046234             0.4216  0.55
  25    2025           0.7915       0.046234             0.4216  0.55
====  ======  ===============  ===============  ===============  ====================  ==================  ==================  ==================

