unaids mortality dalys2023 (.csv)
=================================

:download:`Download original .csv file from GitHub <https://github.com/UCL/TLOmodel/raw/master/resources/ResourceFile_HIV/unaids_mortality_dalys2023.csv>`

====  ======  ============================  =======  ==============  ==============
  ..    year    AIDS\_mortality\_per\_100k    DALYS    DALYS\_lower    DALYS\_upper
====  ======  ============================  =======  ==============  ==============
   0    2010                      278.283         0               0               0
   1    2011                      279.162         0               0               0
   2    2012                      270.903         0               0               0
   3    2013                      221.51          0               0               0
   4    2014                      166.008         0               0               0
   5    2015                      168.999   6610724         6417112         6940574
   6    2016                      164.105   6186249         6011955         6484153
   7    2017                      142.13    5821436         5669342         6080502
   8    2018                      126.64    5459844         5339837         5680006
   9    2019                      107.252   5136893         5032909         5316987
  10    2020                      102.888   4818334         4729471         5015623
  11    2021                       94.9052  4570730         4471017         4823125
  12    2022                       87.0838  4344324         4250915         4567552
  13    2023                       80.6385  4162808         4080844         4369191
  14    2024                       71.0264  3982335         3905668         4171366
  15    2025                       65.7828  3804446         3732505         3977393
  16    2026                                3649755         3582605         3807542
  17    2027                                3484374         3418325         3625624
  18    2028                                3335655         3270194         3464023
  19    2029                                3197620         3138340         3319564
  20    2030                                3061331         3006448         3176908
====  ======  ============================  =======  ==============  ==============