chronic kidney disease (.csv)
=============================

:download:`Download original .csv file from GitHub <https://github.com/UCL/TLOmodel/raw/master/resources/cmd/ResourceFile_cmd_condition_prevalence/chronic_kidney_disease.csv>`

====  =================  =======  =======  =======  ============  ============  ============  ============  ====================  =====================
  ..  parameter\_name    value    lower    upper      gbd\_value    gbd\_lower    gbd\_upper  Unnamed: 7    "value" source:       Nakanga et al. 2019
====  =================  =======  =======  =======  ============  ============  ============  ============  ====================  =====================
   0  m\_0-4                                          0.00255692    0.00319887    0.00200606                "gbd\_value" source:  GBD 2019
   1  m\_5-9                                          0.00371278    0.00468917    0.00286889
   2  m\_10-14                                        0.0061868     0.00908298    0.00448046
   3  m\_15-19                                        0.0137078     0.0231063     0.00851325
   4  m\_20-24           0.0003   0.0003   0.0003     0.0281956     0.0488208     0.0159868
   5  m\_25-29           0.0003   0.0003   0.0003     0.0517956     0.0929709     0.0276113
   6  m\_30-34           0.0009   0.0009   0.0009     0.0834814     0.156243      0.0416993
   7  m\_35-39           0.0009   0.0009   0.0009     0.115192      0.217204      0.0570853
   8  m\_40-44           0.0033   0.0033   0.0033     0.135337      0.294774      0.0736934
   9  m\_45-49           0.0033   0.0033   0.0033     0.142722      0.255127      0.0773419
  10  m\_50-54           0.014    0.014    0.014      0.160194      0.269689      0.0878407
  11  m\_55-59           0.014    0.014    0.014      0.180531      0.299908      0.0963243
  12  m\_60-64           0.05     0.05     0.05       0.207884      0.332039      0.129019
  13  m\_65-69           0.05     0.05     0.05       0.262859      0.441759      0.156898
  14  m\_70-74           0.16     0.16     0.16       0.32175       0.51209       0.184222
  15  m\_75-79           0.16     0.16     0.16       0.365787      0.537517      0.248142
  16  m\_80-84           0.16     0.16     0.16       0.373024      0.50989       0.268238
  17  m\_85-89           0.16     0.16     0.16       0.344507      0.475384      0.248942
  18  m\_90-94           0.16     0.16     0.16       0.32002       0.44949       0.234287
  19  m\_95-99           0.16     0.16     0.16       0.312771      0.466587      0.225862
  20  m\_100+            0.16     0.16     0.16       0.312771      0.466587      0.225862
  21  f\_0-4                                          0.00273803    0.00328639    0.00219423
  22  f\_5-9                                          0.00360398    0.0043984     0.00287865
  23  f\_10-14                                        0.00547178    0.00835224    0.00387041
  24  f\_15-19                                        0.0121246     0.0206483     0.0070925
  25  f\_20-24           0.0003   0.0003   0.0003     0.0269679     0.048902      0.0143855
  26  f\_25-29           0.0003   0.0003   0.0003     0.0517027     0.0943903     0.0271254
  27  f\_30-34           0.0009   0.0009   0.0009     0.0834728     0.159149      0.0407822
  28  f\_35-39           0.0009   0.0009   0.0009     0.113658      0.21309       0.0554153
  29  f\_40-44           0.0033   0.0033   0.0033     0.13185       0.270861      0.0705371
  30  f\_45-49           0.0033   0.0033   0.0033     0.14036       0.249878      0.0769333
  31  f\_50-54           0.014    0.014    0.014      0.163039      0.268802      0.0870672
  32  f\_55-59           0.014    0.014    0.014      0.187413      0.301578      0.100809
  33  f\_60-64           0.05     0.05     0.05       0.217728      0.340314      0.133008
  34  f\_65-69           0.05     0.05     0.05       0.276124      0.451387      0.165055
  35  f\_70-74           0.16     0.16     0.16       0.336192      0.539004      0.190413
  36  f\_75-79           0.16     0.16     0.16       0.38355       0.573695      0.258577
  37  f\_80-84           0.16     0.16     0.16       0.408242      0.56643       0.286157
  38  f\_85-89           0.16     0.16     0.16       0.401826      0.550125      0.287672
  39  f\_90-94           0.16     0.16     0.16       0.393353      0.538132      0.29649
  40  f\_95-99           0.16     0.16     0.16       0.402685      0.579583      0.304552
  41  f\_100+            0.16     0.16     0.16       0.402685      0.579583      0.304552
====  =================  =======  =======  =======  ============  ============  ============  ============  ====================  =====================