diabetes (.csv)
===============

:download:`Download original .csv file from GitHub <https://github.com/UCL/TLOmodel/raw/master/resources/cmd/ResourceFile_cmd_condition_prevalence/diabetes.csv>`

====  =================  ====================  ====================  ====================  ============  ============  ============  ==============  ==============  ==============  =============  ======================  ====================
  ..  parameter\_name    value                 lower                 upper                   gbd\_value    gbd\_lower    gbd\_upper  steps\_value    steps\_lower    steps\_upper    Unnamed: 10    "value" source:         Price et al., 2018
====  =================  ====================  ====================  ====================  ============  ============  ============  ==============  ==============  ==============  =============  ======================  ====================
   0  m\_0-4                                                                                 0             0             0                                                                          "gbd\_value" source:    GBD 2019
   1  m\_5-9                                                                                 0             0             0                                                                          "steps\_value" source:  STEPS Survey 2017
   2  m\_10-14                                                                               0             0             0
   3  m\_15-19                                                                               0.0044772     0.00642664    0.0027325
   4  m\_20-24           0.00168696            0.00058587            0.00851522              0.00984923    0.0125447     0.00727383  0.012           0.0             0.027
   5  m\_25-29           0.00168696            0.00058587            0.00851522              0.0162136     0.020664      0.0126633   0.012           0.0             0.027
   6  m\_30-34           0.01009132            0.00620218            0.02360654              0.0227069     0.0283987     0.0179371   0.008           0.0             0.017
   7  m\_35-39           0.01009132            0.00620218            0.02360654              0.0295803     0.0363708     0.0236241   0.008           0.0             0.017
   8  m\_40-44           0.0203044             0.015667419999999998  0.03636528              0.0386827     0.0465427     0.0317447   0.008           0.0             0.017
   9  m\_45-49           0.0203044             0.015667419999999998  0.03636528              0.0567465     0.0672648     0.0474089   0.009           0.001           0.017
  10  m\_50-54           0.0537392             0.033587000000000006  0.0747501               0.0835686     0.102379      0.0685028   0.009           0.001           0.017
  11  m\_55-59           0.0537392             0.033587000000000006  0.0747501               0.114105      0.135212      0.0965955   0.009           0.001           0.017
  12  m\_60-64           0.06714355999999999   0.03781962            0.10181098              0.148086      0.176163      0.123901    0.076           0.01            0.142
  13  m\_65-69           0.06714355999999999   0.03781962            0.10181098              0.190233      0.220267      0.163592    0.076           0.01            0.142
  14  m\_70-74           0.06690868000000001   0.04306952            0.11017173999999999     0.234498      0.266639      0.203621
  15  m\_75-79           0.06690868000000001   0.04306952            0.11017173999999999     0.260101      0.296488      0.224949
  16  m\_80-84           0.06690868000000001   0.04306952            0.11017173999999999     0.26367       0.299766      0.233063
  17  m\_85-89           0.06690868000000001   0.04306952            0.11017173999999999     0.245144      0.278171      0.216108
  18  m\_90-94           0.06690868000000001   0.04306952            0.11017173999999999     0.204814      0.237187      0.176556
  19  m\_95-99           0.06690868000000001   0.04306952            0.11017173999999999     0.143972      0.176831      0.118581
  20  m\_100+            0.06690868000000001   0.04306952            0.11017173999999999     0.143972      0.176831      0.118581
  21  f\_0-4                                                                                 0             0             0
  22  f\_5-9                                                                                 0             0             0
  23  f\_10-14                                                                               0             0             0
  24  f\_15-19                                                                               0.00337975    0.00504005    0.00195059
  25  f\_20-24           0.002                 0.000923262           0.00948478              0.0069043     0.0092643     0.00488809  0.011           0.001           0.02
  26  f\_25-29           0.002                 0.000923262           0.00948478              0.0114182     0.0149955     0.00856207  0.011           0.001           0.02
  27  f\_30-34           0.0058587             0.002                 0.014576100000000002    0.0167289     0.0215564     0.0130087   0.021           0.01            0.031
  28  f\_35-39           0.0058587             0.002                 0.014576100000000002    0.0237578     0.0292423     0.0193352   0.021           0.01            0.031
  29  f\_40-44           0.029445699999999998  0.026697859999999997  0.0403044               0.0328711     0.0396807     0.026764    0.021           0.01            0.031
  30  f\_45-49           0.029445699999999998  0.026697859999999997  0.0403044               0.0447636     0.0531027     0.0373941   0.01            0.002           0.019
  31  f\_50-54           0.05208267999999999   0.03581962            0.07717399999999999     0.060405      0.0716745     0.0501648   0.01            0.002           0.019
  32  f\_55-59           0.05208267999999999   0.03581962            0.07717399999999999     0.0830802     0.0969157     0.0702595   0.01            0.002           0.019
  33  f\_60-64           0.065677496           0.0413153             0.0966197               0.110807      0.12858       0.0938558   0.017           0.003           0.03
  34  f\_65-69           0.065677496           0.0413153             0.0966197               0.135501      0.154337      0.11798     0.017           0.003           0.03
  35  f\_70-74           0.07266742000000001   0.045706500000000004  0.1244457               0.154884      0.175589      0.135464
  36  f\_75-79           0.07266742000000001   0.045706500000000004  0.1244457               0.167481      0.190237      0.146451
  37  f\_80-84           0.07266742000000001   0.045706500000000004  0.1244457               0.171539      0.194006      0.152678
  38  f\_85-89           0.07266742000000001   0.045706500000000004  0.1244457               0.161698      0.184192      0.143452
  39  f\_90-94           0.07266742000000001   0.045706500000000004  0.1244457               0.13627       0.156406      0.118881
  40  f\_95-99           0.07266742000000001   0.045706500000000004  0.1244457               0.0946378     0.11327       0.0787506
  41  f\_100+            0.07266742000000001   0.045706500000000004  0.1244457               0.0946378     0.11327       0.0787506
====  =================  ====================  ====================  ====================  ============  ============  ============  ==============  ==============  ==============  =============  ======================  ====================