interventions (.csv)
====================

:download:`Download original .csv file from GitHub <https://github.com/UCL/TLOmodel/raw/master/resources/malaria/ResourceFile_malaria/interventions.csv>`

====  ======  ===============  ===============  ===============  ====================  ==================  ==================  ==================
  ..    Year    ITN\_coverage    IRS\_coverage    ACT\_coverage  MIS\_sleptUnderITN    MIS\_IPTp\_1dose    MIS\_IPTp\_2dose    MIS\_IPTp\_3dose
====  ======  ===============  ===============  ===============  ====================  ==================  ==================  ==================
   0    2000           0            0                    0
   1    2001           0            0                    0
   2    2002           0            0                    0
   3    2003           0.0337       0                    0       0.02022
   4    2004           0.1149       0                    0.011   0.06894
   5    2005           0.2636       0                    0.0269  0.15816
   6    2006           0.2405       0                    0.0538  0.14429999999999998
   7    2007           0.2865       0.00712375           0.0898  0.17189999999999997
   8    2008           0.3185       0.00698449           0.1382  0.1911
   9    2009           0.2908       0.0198598            0.2082  0.17448
  10    2010           0.2961       0.135827             0.352   0.17765999999999998
  11    2011           0.372        0.0208484            0.3304  0.22319999999999998
  12    2012           0.6723       0.117853             0.296   0.37                  77.0                54.0                13.0
  13    2013           0.8438       0                    0.345   0.53
  14    2014           0.7304       0.046234             0.3586  0.53                  90.0                64.0                13.0
  15    2015           0.7915       0.046234             0.4216  0.53
  16    2016           0.7915       0.046234             0.4216  0.53
  17    2017           0.7915       0.046234             0.4216  0.55                  92.0                76.0                41.0
  18    2018           0.7915       0.046234             0.4216  0.55
  19    2019           0.7915       0.046234             0.4216  0.55
  20    2020           0.7915       0.046234             0.4216  0.55
  21    2021           0.7915       0.046234             0.4216  0.55
  22    2022           0.7915       0.046234             0.4216  0.55
  23    2023           0.7915       0.046234             0.4216  0.55
  24    2024           0.7915       0.046234             0.4216  0.55
  25    2025           0.7915       0.046234             0.4216  0.55
====  ======  ===============  ===============  ===============  ====================  ==================  ==================  ==================