txCov MAPdata (.csv)
====================

:download:`Download original .csv file from GitHub <https://github.com/UCL/TLOmodel/raw/master/resources/malaria/ResourceFile_malaria/txCov_MAPdata.csv>`

====  ======  ===============  ===============  ===============  ============================
  ..    Year    ITN\_coverage    IRS\_coverage    ACT\_coverage    EffectiveTreatmentCoverage
====  ======  ===============  ===============  ===============  ============================
   0    2000           0            0                    0
   1    2001           0            0                    0
   2    2002           0            0                    0
   3    2003           0.0337       0                    0
   4    2004           0.1149       0                    0.011
   5    2005           0.2636       0                    0.0269
   6    2006           0.2405       0                    0.0538
   7    2007           0.2865       0.00712375           0.0898
   8    2008           0.3185       0.00698449           0.1382
   9    2009           0.2908       0.0198598            0.2082
  10    2010           0.2961       0.135827             0.352                        48.3706
  11    2011           0.372        0.0208484            0.3304                       47.6918
  12    2012           0.6723       0.117853             0.296                        46.4958
  13    2013           0.8438       0                    0.345                        47.1959
  14    2014           0.7304       0.046234             0.3586                       46.8752
  15    2015           0.7915       0.046234             0.4216                       45.8885
  16    2016                                                                          44.7644
  17    2017                                                                          44.951
  18    2018                                                                          46.4737
  19    2019                                                                          44.4701
  20    2020                                                                          45.4466
====  ======  ===============  ===============  ===============  ============================